    475139, 550929, 550943, 702501, 553005, 702509, 553031, 274517, 411741, 614515, 614531, 614536, 614539,
    895117, 895121, 895125, 311503, 311515, 311517, 311519, 311521, 311523, 311527, 311528, 311529, 311531,
    524523, 311533, 524525, 311535, 311537, 473329, 473331, 473333, 702713, 293115, 293119, 293121, 293123,
    293129, 344329, 344335, 411921, 344337, 411925, 344341, 293141, 344345, 411931, 342302, 274719, 344351,
    342305, 385315, 344355, 411941, 452902, 385319, 385321, 342321, 524594, 504115, 342329, 504125, 342335,
    452931, 342339, 452933, 493899, 616781, 342353, 383315, 342357, 383317, 342359, 383319, 383321, 383327,
    680305, 450931, 534903, 534905, 373115, 534907, 534909, 373119, 534913, 534915, 534917, 534919, 534921,
    475535, 311715, 311729, 362933, 293303, 473531, 311739, 293315, 344515, 344521, 293325, 158161, 293339,
    301535, 342505, 342519, 385527, 342521, 342529, 453129, 614931, 442901, 760341, 760349, 442929, 442931,
    442933, 442937, 442939, 311903, 680543, 440929, 440937, 311915, 440939, 311929, 344703, 344705, 533123,
    293517, 344721, 293523, 301727, 455341, 344751, 891571, 385715, 385723, 291517, 344767, 291519, 342721,
    342723, 342729, 342739, 291539, 342749, 443103, 291553, 383719, 895721, 383721, 895725, 391925, 895735,
    494329, 443131, 443133, 443135, 895745, 553729, 443139, 553733, 613149, 613151, 500513, 613155, 500515,
    613159, 613161, 383791, 875313, 312115, 875315, 312117, 312118, 312119, 312121, 312125, 312127, 312129,
    490305, 293703, 490311, 293715, 293717, 621399, 293719, 344921, 293721, 293723, 344923, 494429, 494431,
    293727, 494433, 344929, 344933, 293733, 293735, 344937, 301931, 293739, 412529, 291701, 453502, 342915,
    301955, 301957, 615301, 291719, 615303, 342925, 615315, 615319, 291741, 291743, 310177, 281515, 281519,
    281523, 443329, 553931, 553933, 553941, 664533, 617429, 500703, 500705, 615399, 611319, 312315, 312317,
    312321, 312325, 312327, 312329, 494629, 386101, 412729, 291903, 291904, 291905, 291907, 762949, 291909,
    291911, 291913, 291915, 291917, 291919, 312399, 291921, 291922, 291927, 291929, 900185, 291931, 521305,
    291933, 734301, 291935, 291936, 291939, 453731, 291941, 291943, 504937, 291949, 521325, 281719, 392317,
    392319, 392321, 392323, 392325, 443529, 443533, 629911, 734361, 613529, 613531, 613533, 615591, 312515,
    312519, 900303, 533729, 533731, 763129, 386301, 386315, 386317, 343315, 343319, 343323, 552219, 343327,
    343333, 386351, 615731, 443701, 615733, 392515, 281923, 613701, 623951, 443729, 613729, 474529, 474531,
    550311, 533929, 533931, 200107, 763339, 454102, 871903, 753119, 343525, 871915, 343533, 454131, 443901,
    503303, 341523, 341525, 341527, 443929, 341537, 871981, 341549, 341551, 871991, 341565, 290377, 902731,
    902734, 902737, 534137, 763545, 620194, 616109, 872109, 616113, 616129, 616131, 616133, 290503, 282313,
    616137, 282315, 616139, 290509, 282320, 290515, 282323, 616149, 683731, 282327, 290523, 290529, 444129,
    290533, 444135, 290537, 290541, 290545, 616181, 290549, 614143, 616199, 493335, 534303, 440105, 474927,
    474929, 292703, 343903, 642913, 292707, 343915, 343917, 440175, 343919, 343921, 343923, 343927, 343929,
    343931, 343933, 292735, 343935, 343937, 343939, 343941, 292743, 292747, 292749, 610191, 292751, 470929,
    610194, 343955, 384915, 343957, 343953, 384919, 343951, 282523, 341923, 733101, 733117, 305131, 305137,
    475129